(kicad_pcb (version 20171130) (host pcbnew "(5.1.12)-1")

  (general
    (thickness 1.6)
    (drawings 4)
    (tracks 203)
    (zones 0)
    (modules 25)
    (nets 24)
  )

  (page A4)
  (layers
    (0 F.Cu signal)
    (31 B.Cu signal)
    (32 B.Adhes user)
    (33 F.Adhes user)
    (34 B.Paste user)
    (35 F.Paste user)
    (36 B.SilkS user)
    (37 F.SilkS user)
    (38 B.Mask user)
    (39 F.Mask user)
    (40 Dwgs.User user)
    (41 Cmts.User user)
    (42 Eco1.User user)
    (43 Eco2.User user)
    (44 Edge.Cuts user)
    (45 Margin user)
    (46 B.CrtYd user)
    (47 F.CrtYd user)
    (48 B.Fab user)
    (49 F.Fab user)
  )

  (setup
    (last_trace_width 0.25)
    (trace_clearance 0.2)
    (zone_clearance 0.508)
    (zone_45_only no)
    (trace_min 0.2)
    (via_size 0.8)
    (via_drill 0.4)
    (via_min_size 0.4)
    (via_min_drill 0.3)
    (uvia_size 0.3)
    (uvia_drill 0.1)
    (uvias_allowed no)
    (uvia_min_size 0.2)
    (uvia_min_drill 0.1)
    (edge_width 0.05)
    (segment_width 0.2)
    (pcb_text_width 0.3)
    (pcb_text_size 1.5 1.5)
    (mod_edge_width 0.12)
    (mod_text_size 1 1)
    (mod_text_width 0.15)
    (pad_size 1.524 1.524)
    (pad_drill 0.762)
    (pad_to_mask_clearance 0)
    (aux_axis_origin 0 0)
    (visible_elements FFFFFF7F)
    (pcbplotparams
      (layerselection 0x010fc_ffffffff)
      (usegerberextensions false)
      (usegerberattributes true)
      (usegerberadvancedattributes true)
      (creategerberjobfile true)
      (excludeedgelayer true)
      (linewidth 0.100000)
      (plotframeref false)
      (viasonmask false)
      (mode 1)
      (useauxorigin false)
      (hpglpennumber 1)
      (hpglpenspeed 20)
      (hpglpendiameter 15.000000)
      (psnegative false)
      (psa4output false)
      (plotreference true)
      (plotvalue true)
      (plotinvisibletext false)
      (padsonsilk false)
      (subtractmaskfromsilk false)
      (outputformat 1)
      (mirror false)
      (drillshape 1)
      (scaleselection 1)
      (outputdirectory ""))
  )

  (net 0 "")
  (net 1 GND)
  (net 2 VCC)
  (net 3 "Net-(D1-Pad2)")
  (net 4 "Net-(D1-Pad1)")
  (net 5 "Net-(D3-Pad2)")
  (net 6 "Net-(D3-Pad1)")
  (net 7 "Net-(D5-Pad2)")
  (net 8 "Net-(D5-Pad1)")
  (net 9 "Net-(J1-Pad5)")
  (net 10 "Net-(J1-Pad4)")
  (net 11 "Net-(J1-Pad3)")
  (net 12 "Net-(J2-Pad3)")
  (net 13 "Net-(J2-Pad2)")
  (net 14 "Net-(J2-Pad1)")
  (net 15 "Net-(J3-Pad3)")
  (net 16 "Net-(J3-Pad2)")
  (net 17 "Net-(J3-Pad1)")
  (net 18 "Net-(J4-Pad3)")
  (net 19 "Net-(J4-Pad2)")
  (net 20 "Net-(J4-Pad1)")
  (net 21 "Net-(Q1-Pad2)")
  (net 22 "Net-(Q2-Pad2)")
  (net 23 "Net-(Q3-Pad2)")

  (net_class Default "This is the default net class."
    (clearance 0.2)
    (trace_width 0.25)
    (via_dia 0.8)
    (via_drill 0.4)
    (uvia_dia 0.3)
    (uvia_drill 0.1)
    (add_net GND)
    (add_net "Net-(D1-Pad1)")
    (add_net "Net-(D1-Pad2)")
    (add_net "Net-(D3-Pad1)")
    (add_net "Net-(D3-Pad2)")
    (add_net "Net-(D5-Pad1)")
    (add_net "Net-(D5-Pad2)")
    (add_net "Net-(J1-Pad3)")
    (add_net "Net-(J1-Pad4)")
    (add_net "Net-(J1-Pad5)")
    (add_net "Net-(J2-Pad1)")
    (add_net "Net-(J2-Pad2)")
    (add_net "Net-(J2-Pad3)")
    (add_net "Net-(J3-Pad1)")
    (add_net "Net-(J3-Pad2)")
    (add_net "Net-(J3-Pad3)")
    (add_net "Net-(J4-Pad1)")
    (add_net "Net-(J4-Pad2)")
    (add_net "Net-(J4-Pad3)")
    (add_net "Net-(Q1-Pad2)")
    (add_net "Net-(Q2-Pad2)")
    (add_net "Net-(Q3-Pad2)")
    (add_net VCC)
  )

  (module Package_TO_SOT_THT:TO-92_Inline (layer F.Cu) (tedit 5A1DD157) (tstamp 64EF474A)
    (at 111.9 112.5 270)
    (descr "TO-92 leads in-line, narrow, oval pads, drill 0.75mm (see NXP sot054_po.pdf)")
    (tags "to-92 sc-43 sc-43a sot54 PA33 transistor")
    (path /64EF71A8)
    (fp_text reference Q2 (at 1.27 -3.56 90) (layer F.SilkS)
      (effects (font (size 1 1) (thickness 0.15)))
    )
    (fp_text value BC547 (at 1.27 2.79 90) (layer F.Fab)
      (effects (font (size 1 1) (thickness 0.15)))
    )
    (fp_arc (start 1.27 0) (end 1.27 -2.6) (angle 135) (layer F.SilkS) (width 0.12))
    (fp_arc (start 1.27 0) (end 1.27 -2.48) (angle -135) (layer F.Fab) (width 0.1))
    (fp_arc (start 1.27 0) (end 1.27 -2.6) (angle -135) (layer F.SilkS) (width 0.12))
    (fp_arc (start 1.27 0) (end 1.27 -2.48) (angle 135) (layer F.Fab) (width 0.1))
    (fp_text user %R (at 1.27 0 90) (layer F.Fab)
      (effects (font (size 1 1) (thickness 0.15)))
    )
    (fp_line (start -0.53 1.85) (end 3.07 1.85) (layer F.SilkS) (width 0.12))
    (fp_line (start -0.5 1.75) (end 3 1.75) (layer F.Fab) (width 0.1))
    (fp_line (start -1.46 -2.73) (end 4 -2.73) (layer F.CrtYd) (width 0.05))
    (fp_line (start -1.46 -2.73) (end -1.46 2.01) (layer F.CrtYd) (width 0.05))
    (fp_line (start 4 2.01) (end 4 -2.73) (layer F.CrtYd) (width 0.05))
    (fp_line (start 4 2.01) (end -1.46 2.01) (layer F.CrtYd) (width 0.05))
    (pad 1 thru_hole rect (at 0 0 270) (size 1.05 1.5) (drill 0.75) (layers *.Cu *.Mask)
      (net 16 "Net-(J3-Pad2)"))
    (pad 3 thru_hole oval (at 2.54 0 270) (size 1.05 1.5) (drill 0.75) (layers *.Cu *.Mask)
      (net 1 GND))
    (pad 2 thru_hole oval (at 1.27 0 270) (size 1.05 1.5) (drill 0.75) (layers *.Cu *.Mask)
      (net 22 "Net-(Q2-Pad2)"))
    (model ${KISYS3DMOD}/Package_TO_SOT_THT.3dshapes/TO-92_Inline.wrl
      (at (xyz 0 0 0))
      (scale (xyz 1 1 1))
      (rotate (xyz 0 0 0))
    )
  )

  (module TerminalBlock_Phoenix:TerminalBlock_Phoenix_MKDS-1,5-3-5.08_1x03_P5.08mm_Horizontal (layer F.Cu) (tedit 5B294EBC) (tstamp 64EF46AE)
    (at 132.3 93.7 270)
    (descr "Terminal Block Phoenix MKDS-1,5-3-5.08, 3 pins, pitch 5.08mm, size 15.2x9.8mm^2, drill diamater 1.3mm, pad diameter 2.6mm, see http://www.farnell.com/datasheets/100425.pdf, script-generated using https://github.com/pointhi/kicad-footprint-generator/scripts/TerminalBlock_Phoenix")
    (tags "THT Terminal Block Phoenix MKDS-1,5-3-5.08 pitch 5.08mm size 15.2x9.8mm^2 drill 1.3mm pad 2.6mm")
    (path /64F0267E)
    (fp_text reference J4 (at 5.08 -6.26 90) (layer F.SilkS)
      (effects (font (size 1 1) (thickness 0.15)))
    )
    (fp_text value SCT_01x03 (at 5.08 5.66 90) (layer F.Fab)
      (effects (font (size 1 1) (thickness 0.15)))
    )
    (fp_line (start 13.21 -5.71) (end -3.04 -5.71) (layer F.CrtYd) (width 0.05))
    (fp_line (start 13.21 5.1) (end 13.21 -5.71) (layer F.CrtYd) (width 0.05))
    (fp_line (start -3.04 5.1) (end 13.21 5.1) (layer F.CrtYd) (width 0.05))
    (fp_line (start -3.04 -5.71) (end -3.04 5.1) (layer F.CrtYd) (width 0.05))
    (fp_line (start -2.84 4.9) (end -2.34 4.9) (layer F.SilkS) (width 0.12))
    (fp_line (start -2.84 4.16) (end -2.84 4.9) (layer F.SilkS) (width 0.12))
    (fp_line (start 8.933 1.023) (end 8.886 1.069) (layer F.SilkS) (width 0.12))
    (fp_line (start 11.23 -1.275) (end 11.195 -1.239) (layer F.SilkS) (width 0.12))
    (fp_line (start 9.126 1.239) (end 9.091 1.274) (layer F.SilkS) (width 0.12))
    (fp_line (start 11.435 -1.069) (end 11.388 -1.023) (layer F.SilkS) (width 0.12))
    (fp_line (start 11.115 -1.138) (end 9.023 0.955) (layer F.Fab) (width 0.1))
    (fp_line (start 11.298 -0.955) (end 9.206 1.138) (layer F.Fab) (width 0.1))
    (fp_line (start 3.853 1.023) (end 3.806 1.069) (layer F.SilkS) (width 0.12))
    (fp_line (start 6.15 -1.275) (end 6.115 -1.239) (layer F.SilkS) (width 0.12))
    (fp_line (start 4.046 1.239) (end 4.011 1.274) (layer F.SilkS) (width 0.12))
    (fp_line (start 6.355 -1.069) (end 6.308 -1.023) (layer F.SilkS) (width 0.12))
    (fp_line (start 6.035 -1.138) (end 3.943 0.955) (layer F.Fab) (width 0.1))
    (fp_line (start 6.218 -0.955) (end 4.126 1.138) (layer F.Fab) (width 0.1))
    (fp_line (start 0.955 -1.138) (end -1.138 0.955) (layer F.Fab) (width 0.1))
    (fp_line (start 1.138 -0.955) (end -0.955 1.138) (layer F.Fab) (width 0.1))
    (fp_line (start 12.76 -5.261) (end 12.76 4.66) (layer F.SilkS) (width 0.12))
    (fp_line (start -2.6 -5.261) (end -2.6 4.66) (layer F.SilkS) (width 0.12))
    (fp_line (start -2.6 4.66) (end 12.76 4.66) (layer F.SilkS) (width 0.12))
    (fp_line (start -2.6 -5.261) (end 12.76 -5.261) (layer F.SilkS) (width 0.12))
    (fp_line (start -2.6 -2.301) (end 12.76 -2.301) (layer F.SilkS) (width 0.12))
    (fp_line (start -2.54 -2.3) (end 12.7 -2.3) (layer F.Fab) (width 0.1))
    (fp_line (start -2.6 2.6) (end 12.76 2.6) (layer F.SilkS) (width 0.12))
    (fp_line (start -2.54 2.6) (end 12.7 2.6) (layer F.Fab) (width 0.1))
    (fp_line (start -2.6 4.1) (end 12.76 4.1) (layer F.SilkS) (width 0.12))
    (fp_line (start -2.54 4.1) (end 12.7 4.1) (layer F.Fab) (width 0.1))
    (fp_line (start -2.54 4.1) (end -2.54 -5.2) (layer F.Fab) (width 0.1))
    (fp_line (start -2.04 4.6) (end -2.54 4.1) (layer F.Fab) (width 0.1))
    (fp_line (start 12.7 4.6) (end -2.04 4.6) (layer F.Fab) (width 0.1))
    (fp_line (start 12.7 -5.2) (end 12.7 4.6) (layer F.Fab) (width 0.1))
    (fp_line (start -2.54 -5.2) (end 12.7 -5.2) (layer F.Fab) (width 0.1))
    (fp_circle (center 10.16 0) (end 11.84 0) (layer F.SilkS) (width 0.12))
    (fp_circle (center 10.16 0) (end 11.66 0) (layer F.Fab) (width 0.1))
    (fp_circle (center 5.08 0) (end 6.76 0) (layer F.SilkS) (width 0.12))
    (fp_circle (center 5.08 0) (end 6.58 0) (layer F.Fab) (width 0.1))
    (fp_circle (center 0 0) (end 1.5 0) (layer F.Fab) (width 0.1))
    (fp_arc (start 0 0) (end 0 1.68) (angle -24) (layer F.SilkS) (width 0.12))
    (fp_arc (start 0 0) (end 1.535 0.684) (angle -48) (layer F.SilkS) (width 0.12))
    (fp_arc (start 0 0) (end 0.684 -1.535) (angle -48) (layer F.SilkS) (width 0.12))
    (fp_arc (start 0 0) (end -1.535 -0.684) (angle -48) (layer F.SilkS) (width 0.12))
    (fp_arc (start 0 0) (end -0.684 1.535) (angle -25) (layer F.SilkS) (width 0.12))
    (fp_text user %R (at 5.08 3.2 90) (layer F.Fab)
      (effects (font (size 1 1) (thickness 0.15)))
    )
    (pad 1 thru_hole rect (at 0 0 270) (size 2.6 2.6) (drill 1.3) (layers *.Cu *.Mask)
      (net 20 "Net-(J4-Pad1)"))
    (pad 2 thru_hole circle (at 5.08 0 270) (size 2.6 2.6) (drill 1.3) (layers *.Cu *.Mask)
      (net 19 "Net-(J4-Pad2)"))
    (pad 3 thru_hole circle (at 10.16 0 270) (size 2.6 2.6) (drill 1.3) (layers *.Cu *.Mask)
      (net 18 "Net-(J4-Pad3)"))
    (model ${KISYS3DMOD}/TerminalBlock_Phoenix.3dshapes/TerminalBlock_Phoenix_MKDS-1,5-3-5.08_1x03_P5.08mm_Horizontal.wrl
      (at (xyz 0 0 0))
      (scale (xyz 1 1 1))
      (rotate (xyz 0 0 0))
    )
  )

  (module TerminalBlock_Phoenix:TerminalBlock_Phoenix_MKDS-1,5-3-5.08_1x03_P5.08mm_Horizontal (layer F.Cu) (tedit 5B294EBC) (tstamp 64EF4697)
    (at 101.43 93.93 270)
    (descr "Terminal Block Phoenix MKDS-1,5-3-5.08, 3 pins, pitch 5.08mm, size 15.2x9.8mm^2, drill diamater 1.3mm, pad diameter 2.6mm, see http://www.farnell.com/datasheets/100425.pdf, script-generated using https://github.com/pointhi/kicad-footprint-generator/scripts/TerminalBlock_Phoenix")
    (tags "THT Terminal Block Phoenix MKDS-1,5-3-5.08 pitch 5.08mm size 15.2x9.8mm^2 drill 1.3mm pad 2.6mm")
    (path /64F01BB2)
    (fp_text reference J3 (at 5.08 -6.26 90) (layer F.SilkS)
      (effects (font (size 1 1) (thickness 0.15)))
    )
    (fp_text value SCT_01x03 (at 5.08 5.66 90) (layer F.Fab)
      (effects (font (size 1 1) (thickness 0.15)))
    )
    (fp_text user %R (at 5.08 3.2 90) (layer F.Fab)
      (effects (font (size 1 1) (thickness 0.15)))
    )
    (fp_arc (start 0 0) (end -0.684 1.535) (angle -25) (layer F.SilkS) (width 0.12))
    (fp_arc (start 0 0) (end -1.535 -0.684) (angle -48) (layer F.SilkS) (width 0.12))
    (fp_arc (start 0 0) (end 0.684 -1.535) (angle -48) (layer F.SilkS) (width 0.12))
    (fp_arc (start 0 0) (end 1.535 0.684) (angle -48) (layer F.SilkS) (width 0.12))
    (fp_arc (start 0 0) (end 0 1.68) (angle -24) (layer F.SilkS) (width 0.12))
    (fp_circle (center 0 0) (end 1.5 0) (layer F.Fab) (width 0.1))
    (fp_circle (center 5.08 0) (end 6.58 0) (layer F.Fab) (width 0.1))
    (fp_circle (center 5.08 0) (end 6.76 0) (layer F.SilkS) (width 0.12))
    (fp_circle (center 10.16 0) (end 11.66 0) (layer F.Fab) (width 0.1))
    (fp_circle (center 10.16 0) (end 11.84 0) (layer F.SilkS) (width 0.12))
    (fp_line (start -2.54 -5.2) (end 12.7 -5.2) (layer F.Fab) (width 0.1))
    (fp_line (start 12.7 -5.2) (end 12.7 4.6) (layer F.Fab) (width 0.1))
    (fp_line (start 12.7 4.6) (end -2.04 4.6) (layer F.Fab) (width 0.1))
    (fp_line (start -2.04 4.6) (end -2.54 4.1) (layer F.Fab) (width 0.1))
    (fp_line (start -2.54 4.1) (end -2.54 -5.2) (layer F.Fab) (width 0.1))
    (fp_line (start -2.54 4.1) (end 12.7 4.1) (layer F.Fab) (width 0.1))
    (fp_line (start -2.6 4.1) (end 12.76 4.1) (layer F.SilkS) (width 0.12))
    (fp_line (start -2.54 2.6) (end 12.7 2.6) (layer F.Fab) (width 0.1))
    (fp_line (start -2.6 2.6) (end 12.76 2.6) (layer F.SilkS) (width 0.12))
    (fp_line (start -2.54 -2.3) (end 12.7 -2.3) (layer F.Fab) (width 0.1))
    (fp_line (start -2.6 -2.301) (end 12.76 -2.301) (layer F.SilkS) (width 0.12))
    (fp_line (start -2.6 -5.261) (end 12.76 -5.261) (layer F.SilkS) (width 0.12))
    (fp_line (start -2.6 4.66) (end 12.76 4.66) (layer F.SilkS) (width 0.12))
    (fp_line (start -2.6 -5.261) (end -2.6 4.66) (layer F.SilkS) (width 0.12))
    (fp_line (start 12.76 -5.261) (end 12.76 4.66) (layer F.SilkS) (width 0.12))
    (fp_line (start 1.138 -0.955) (end -0.955 1.138) (layer F.Fab) (width 0.1))
    (fp_line (start 0.955 -1.138) (end -1.138 0.955) (layer F.Fab) (width 0.1))
    (fp_line (start 6.218 -0.955) (end 4.126 1.138) (layer F.Fab) (width 0.1))
    (fp_line (start 6.035 -1.138) (end 3.943 0.955) (layer F.Fab) (width 0.1))
    (fp_line (start 6.355 -1.069) (end 6.308 -1.023) (layer F.SilkS) (width 0.12))
    (fp_line (start 4.046 1.239) (end 4.011 1.274) (layer F.SilkS) (width 0.12))
    (fp_line (start 6.15 -1.275) (end 6.115 -1.239) (layer F.SilkS) (width 0.12))
    (fp_line (start 3.853 1.023) (end 3.806 1.069) (layer F.SilkS) (width 0.12))
    (fp_line (start 11.298 -0.955) (end 9.206 1.138) (layer F.Fab) (width 0.1))
    (fp_line (start 11.115 -1.138) (end 9.023 0.955) (layer F.Fab) (width 0.1))
    (fp_line (start 11.435 -1.069) (end 11.388 -1.023) (layer F.SilkS) (width 0.12))
    (fp_line (start 9.126 1.239) (end 9.091 1.274) (layer F.SilkS) (width 0.12))
    (fp_line (start 11.23 -1.275) (end 11.195 -1.239) (layer F.SilkS) (width 0.12))
    (fp_line (start 8.933 1.023) (end 8.886 1.069) (layer F.SilkS) (width 0.12))
    (fp_line (start -2.84 4.16) (end -2.84 4.9) (layer F.SilkS) (width 0.12))
    (fp_line (start -2.84 4.9) (end -2.34 4.9) (layer F.SilkS) (width 0.12))
    (fp_line (start -3.04 -5.71) (end -3.04 5.1) (layer F.CrtYd) (width 0.05))
    (fp_line (start -3.04 5.1) (end 13.21 5.1) (layer F.CrtYd) (width 0.05))
    (fp_line (start 13.21 5.1) (end 13.21 -5.71) (layer F.CrtYd) (width 0.05))
    (fp_line (start 13.21 -5.71) (end -3.04 -5.71) (layer F.CrtYd) (width 0.05))
    (pad 3 thru_hole circle (at 10.16 0 270) (size 2.6 2.6) (drill 1.3) (layers *.Cu *.Mask)
      (net 15 "Net-(J3-Pad3)"))
    (pad 2 thru_hole circle (at 5.08 0 270) (size 2.6 2.6) (drill 1.3) (layers *.Cu *.Mask)
      (net 16 "Net-(J3-Pad2)"))
    (pad 1 thru_hole rect (at 0 0 270) (size 2.6 2.6) (drill 1.3) (layers *.Cu *.Mask)
      (net 17 "Net-(J3-Pad1)"))
    (model ${KISYS3DMOD}/TerminalBlock_Phoenix.3dshapes/TerminalBlock_Phoenix_MKDS-1,5-3-5.08_1x03_P5.08mm_Horizontal.wrl
      (at (xyz 0 0 0))
      (scale (xyz 1 1 1))
      (rotate (xyz 0 0 0))
    )
  )

  (module TerminalBlock_Phoenix:TerminalBlock_Phoenix_MKDS-1,5-3-5.08_1x03_P5.08mm_Horizontal (layer F.Cu) (tedit 5B294EBC) (tstamp 64EF4680)
    (at 164.29 104.22 90)
    (descr "Terminal Block Phoenix MKDS-1,5-3-5.08, 3 pins, pitch 5.08mm, size 15.2x9.8mm^2, drill diamater 1.3mm, pad diameter 2.6mm, see http://www.farnell.com/datasheets/100425.pdf, script-generated using https://github.com/pointhi/kicad-footprint-generator/scripts/TerminalBlock_Phoenix")
    (tags "THT Terminal Block Phoenix MKDS-1,5-3-5.08 pitch 5.08mm size 15.2x9.8mm^2 drill 1.3mm pad 2.6mm")
    (path /64F0394D)
    (fp_text reference J2 (at 5.08 -6.26 90) (layer F.SilkS)
      (effects (font (size 1 1) (thickness 0.15)))
    )
    (fp_text value SCT_01x03 (at 5.08 5.66 90) (layer F.Fab)
      (effects (font (size 1 1) (thickness 0.15)))
    )
    (fp_line (start 13.21 -5.71) (end -3.04 -5.71) (layer F.CrtYd) (width 0.05))
    (fp_line (start 13.21 5.1) (end 13.21 -5.71) (layer F.CrtYd) (width 0.05))
    (fp_line (start -3.04 5.1) (end 13.21 5.1) (layer F.CrtYd) (width 0.05))
    (fp_line (start -3.04 -5.71) (end -3.04 5.1) (layer F.CrtYd) (width 0.05))
    (fp_line (start -2.84 4.9) (end -2.34 4.9) (layer F.SilkS) (width 0.12))
    (fp_line (start -2.84 4.16) (end -2.84 4.9) (layer F.SilkS) (width 0.12))
    (fp_line (start 8.933 1.023) (end 8.886 1.069) (layer F.SilkS) (width 0.12))
    (fp_line (start 11.23 -1.275) (end 11.195 -1.239) (layer F.SilkS) (width 0.12))
    (fp_line (start 9.126 1.239) (end 9.091 1.274) (layer F.SilkS) (width 0.12))
    (fp_line (start 11.435 -1.069) (end 11.388 -1.023) (layer F.SilkS) (width 0.12))
    (fp_line (start 11.115 -1.138) (end 9.023 0.955) (layer F.Fab) (width 0.1))
    (fp_line (start 11.298 -0.955) (end 9.206 1.138) (layer F.Fab) (width 0.1))
    (fp_line (start 3.853 1.023) (end 3.806 1.069) (layer F.SilkS) (width 0.12))
    (fp_line (start 6.15 -1.275) (end 6.115 -1.239) (layer F.SilkS) (width 0.12))
    (fp_line (start 4.046 1.239) (end 4.011 1.274) (layer F.SilkS) (width 0.12))
    (fp_line (start 6.355 -1.069) (end 6.308 -1.023) (layer F.SilkS) (width 0.12))
    (fp_line (start 6.035 -1.138) (end 3.943 0.955) (layer F.Fab) (width 0.1))
    (fp_line (start 6.218 -0.955) (end 4.126 1.138) (layer F.Fab) (width 0.1))
    (fp_line (start 0.955 -1.138) (end -1.138 0.955) (layer F.Fab) (width 0.1))
    (fp_line (start 1.138 -0.955) (end -0.955 1.138) (layer F.Fab) (width 0.1))
    (fp_line (start 12.76 -5.261) (end 12.76 4.66) (layer F.SilkS) (width 0.12))
    (fp_line (start -2.6 -5.261) (end -2.6 4.66) (layer F.SilkS) (width 0.12))
    (fp_line (start -2.6 4.66) (end 12.76 4.66) (layer F.SilkS) (width 0.12))
    (fp_line (start -2.6 -5.261) (end 12.76 -5.261) (layer F.SilkS) (width 0.12))
    (fp_line (start -2.6 -2.301) (end 12.76 -2.301) (layer F.SilkS) (width 0.12))
    (fp_line (start -2.54 -2.3) (end 12.7 -2.3) (layer F.Fab) (width 0.1))
    (fp_line (start -2.6 2.6) (end 12.76 2.6) (layer F.SilkS) (width 0.12))
    (fp_line (start -2.54 2.6) (end 12.7 2.6) (layer F.Fab) (width 0.1))
    (fp_line (start -2.6 4.1) (end 12.76 4.1) (layer F.SilkS) (width 0.12))
    (fp_line (start -2.54 4.1) (end 12.7 4.1) (layer F.Fab) (width 0.1))
    (fp_line (start -2.54 4.1) (end -2.54 -5.2) (layer F.Fab) (width 0.1))
    (fp_line (start -2.04 4.6) (end -2.54 4.1) (layer F.Fab) (width 0.1))
    (fp_line (start 12.7 4.6) (end -2.04 4.6) (layer F.Fab) (width 0.1))
    (fp_line (start 12.7 -5.2) (end 12.7 4.6) (layer F.Fab) (width 0.1))
    (fp_line (start -2.54 -5.2) (end 12.7 -5.2) (layer F.Fab) (width 0.1))
    (fp_circle (center 10.16 0) (end 11.84 0) (layer F.SilkS) (width 0.12))
    (fp_circle (center 10.16 0) (end 11.66 0) (layer F.Fab) (width 0.1))
    (fp_circle (center 5.08 0) (end 6.76 0) (layer F.SilkS) (width 0.12))
    (fp_circle (center 5.08 0) (end 6.58 0) (layer F.Fab) (width 0.1))
    (fp_circle (center 0 0) (end 1.5 0) (layer F.Fab) (width 0.1))
    (fp_arc (start 0 0) (end 0 1.68) (angle -24) (layer F.SilkS) (width 0.12))
    (fp_arc (start 0 0) (end 1.535 0.684) (angle -48) (layer F.SilkS) (width 0.12))
    (fp_arc (start 0 0) (end 0.684 -1.535) (angle -48) (layer F.SilkS) (width 0.12))
    (fp_arc (start 0 0) (end -1.535 -0.684) (angle -48) (layer F.SilkS) (width 0.12))
    (fp_arc (start 0 0) (end -0.684 1.535) (angle -25) (layer F.SilkS) (width 0.12))
    (fp_text user %R (at 5.08 3.2 90) (layer F.Fab)
      (effects (font (size 1 1) (thickness 0.15)))
    )
    (pad 1 thru_hole rect (at 0 0 90) (size 2.6 2.6) (drill 1.3) (layers *.Cu *.Mask)
      (net 14 "Net-(J2-Pad1)"))
    (pad 2 thru_hole circle (at 5.08 0 90) (size 2.6 2.6) (drill 1.3) (layers *.Cu *.Mask)
      (net 13 "Net-(J2-Pad2)"))
    (pad 3 thru_hole circle (at 10.16 0 90) (size 2.6 2.6) (drill 1.3) (layers *.Cu *.Mask)
      (net 12 "Net-(J2-Pad3)"))
    (model ${KISYS3DMOD}/TerminalBlock_Phoenix.3dshapes/TerminalBlock_Phoenix_MKDS-1,5-3-5.08_1x03_P5.08mm_Horizontal.wrl
      (at (xyz 0 0 0))
      (scale (xyz 1 1 1))
      (rotate (xyz 0 0 0))
    )
  )

  (module Resistor_THT:R_Axial_DIN0204_L3.6mm_D1.6mm_P5.08mm_Horizontal (layer F.Cu) (tedit 5AE5139B) (tstamp 64EF47CE)
    (at 147.4 119.1 180)
    (descr "Resistor, Axial_DIN0204 series, Axial, Horizontal, pin pitch=5.08mm, 0.167W, length*diameter=3.6*1.6mm^2, http://cdn-reichelt.de/documents/datenblatt/B400/1_4W%23YAG.pdf")
    (tags "Resistor Axial_DIN0204 series Axial Horizontal pin pitch 5.08mm 0.167W length 3.6mm diameter 1.6mm")
    (path /64EFCABE)
    (fp_text reference R6 (at 2.54 -1.92) (layer F.SilkS)
      (effects (font (size 1 1) (thickness 0.15)))
    )
    (fp_text value 1k (at 2.54 1.92) (layer F.Fab)
      (effects (font (size 1 1) (thickness 0.15)))
    )
    (fp_text user %R (at 4 0) (layer F.Fab)
      (effects (font (size 0.72 0.72) (thickness 0.108)))
    )
    (fp_line (start 0.74 -0.8) (end 0.74 0.8) (layer F.Fab) (width 0.1))
    (fp_line (start 0.74 0.8) (end 4.34 0.8) (layer F.Fab) (width 0.1))
    (fp_line (start 4.34 0.8) (end 4.34 -0.8) (layer F.Fab) (width 0.1))
    (fp_line (start 4.34 -0.8) (end 0.74 -0.8) (layer F.Fab) (width 0.1))
    (fp_line (start 0 0) (end 0.74 0) (layer F.Fab) (width 0.1))
    (fp_line (start 5.08 0) (end 4.34 0) (layer F.Fab) (width 0.1))
    (fp_line (start 0.62 -0.92) (end 4.46 -0.92) (layer F.SilkS) (width 0.12))
    (fp_line (start 0.62 0.92) (end 4.46 0.92) (layer F.SilkS) (width 0.12))
    (fp_line (start -0.95 -1.05) (end -0.95 1.05) (layer F.CrtYd) (width 0.05))
    (fp_line (start -0.95 1.05) (end 6.03 1.05) (layer F.CrtYd) (width 0.05))
    (fp_line (start 6.03 1.05) (end 6.03 -1.05) (layer F.CrtYd) (width 0.05))
    (fp_line (start 6.03 -1.05) (end -0.95 -1.05) (layer F.CrtYd) (width 0.05))
    (pad 2 thru_hole oval (at 5.08 0 180) (size 1.4 1.4) (drill 0.7) (layers *.Cu *.Mask)
      (net 10 "Net-(J1-Pad4)"))
    (pad 1 thru_hole circle (at 0 0 180) (size 1.4 1.4) (drill 0.7) (layers *.Cu *.Mask)
      (net 23 "Net-(Q3-Pad2)"))
    (model ${KISYS3DMOD}/Resistor_THT.3dshapes/R_Axial_DIN0204_L3.6mm_D1.6mm_P5.08mm_Horizontal.wrl
      (at (xyz 0 0 0))
      (scale (xyz 1 1 1))
      (rotate (xyz 0 0 0))
    )
  )

  (module Resistor_THT:R_Axial_DIN0204_L3.6mm_D1.6mm_P5.08mm_Horizontal (layer F.Cu) (tedit 5AE5139B) (tstamp 64EF47BB)
    (at 132.6 119)
    (descr "Resistor, Axial_DIN0204 series, Axial, Horizontal, pin pitch=5.08mm, 0.167W, length*diameter=3.6*1.6mm^2, http://cdn-reichelt.de/documents/datenblatt/B400/1_4W%23YAG.pdf")
    (tags "Resistor Axial_DIN0204 series Axial Horizontal pin pitch 5.08mm 0.167W length 3.6mm diameter 1.6mm")
    (path /64EF9FED)
    (fp_text reference R5 (at 2.54 -1.92) (layer F.SilkS)
      (effects (font (size 1 1) (thickness 0.15)))
    )
    (fp_text value 1k (at 2.54 1.92) (layer F.Fab)
      (effects (font (size 1 1) (thickness 0.15)))
    )
    (fp_text user %R (at 2.54 0) (layer F.Fab)
      (effects (font (size 0.72 0.72) (thickness 0.108)))
    )
    (fp_line (start 0.74 -0.8) (end 0.74 0.8) (layer F.Fab) (width 0.1))
    (fp_line (start 0.74 0.8) (end 4.34 0.8) (layer F.Fab) (width 0.1))
    (fp_line (start 4.34 0.8) (end 4.34 -0.8) (layer F.Fab) (width 0.1))
    (fp_line (start 4.34 -0.8) (end 0.74 -0.8) (layer F.Fab) (width 0.1))
    (fp_line (start 0 0) (end 0.74 0) (layer F.Fab) (width 0.1))
    (fp_line (start 5.08 0) (end 4.34 0) (layer F.Fab) (width 0.1))
    (fp_line (start 0.62 -0.92) (end 4.46 -0.92) (layer F.SilkS) (width 0.12))
    (fp_line (start 0.62 0.92) (end 4.46 0.92) (layer F.SilkS) (width 0.12))
    (fp_line (start -0.95 -1.05) (end -0.95 1.05) (layer F.CrtYd) (width 0.05))
    (fp_line (start -0.95 1.05) (end 6.03 1.05) (layer F.CrtYd) (width 0.05))
    (fp_line (start 6.03 1.05) (end 6.03 -1.05) (layer F.CrtYd) (width 0.05))
    (fp_line (start 6.03 -1.05) (end -0.95 -1.05) (layer F.CrtYd) (width 0.05))
    (pad 2 thru_hole oval (at 5.08 0) (size 1.4 1.4) (drill 0.7) (layers *.Cu *.Mask)
      (net 7 "Net-(D5-Pad2)"))
    (pad 1 thru_hole circle (at 0 0) (size 1.4 1.4) (drill 0.7) (layers *.Cu *.Mask)
      (net 2 VCC))
    (model ${KISYS3DMOD}/Resistor_THT.3dshapes/R_Axial_DIN0204_L3.6mm_D1.6mm_P5.08mm_Horizontal.wrl
      (at (xyz 0 0 0))
      (scale (xyz 1 1 1))
      (rotate (xyz 0 0 0))
    )
  )

  (module Resistor_THT:R_Axial_DIN0204_L3.6mm_D1.6mm_P5.08mm_Horizontal (layer F.Cu) (tedit 5AE5139B) (tstamp 64EF47A8)
    (at 105.2 119)
    (descr "Resistor, Axial_DIN0204 series, Axial, Horizontal, pin pitch=5.08mm, 0.167W, length*diameter=3.6*1.6mm^2, http://cdn-reichelt.de/documents/datenblatt/B400/1_4W%23YAG.pdf")
    (tags "Resistor Axial_DIN0204 series Axial Horizontal pin pitch 5.08mm 0.167W length 3.6mm diameter 1.6mm")
    (path /64EF6403)
    (fp_text reference R4 (at 2.54 -1.92) (layer F.SilkS)
      (effects (font (size 1 1) (thickness 0.15)))
    )
    (fp_text value 1k (at 2.54 1.92) (layer F.Fab)
      (effects (font (size 1 1) (thickness 0.15)))
    )
    (fp_text user %R (at 2.54 0) (layer F.Fab)
      (effects (font (size 0.72 0.72) (thickness 0.108)))
    )
    (fp_line (start 0.74 -0.8) (end 0.74 0.8) (layer F.Fab) (width 0.1))
    (fp_line (start 0.74 0.8) (end 4.34 0.8) (layer F.Fab) (width 0.1))
    (fp_line (start 4.34 0.8) (end 4.34 -0.8) (layer F.Fab) (width 0.1))
    (fp_line (start 4.34 -0.8) (end 0.74 -0.8) (layer F.Fab) (width 0.1))
    (fp_line (start 0 0) (end 0.74 0) (layer F.Fab) (width 0.1))
    (fp_line (start 5.08 0) (end 4.34 0) (layer F.Fab) (width 0.1))
    (fp_line (start 0.62 -0.92) (end 4.46 -0.92) (layer F.SilkS) (width 0.12))
    (fp_line (start 0.62 0.92) (end 4.46 0.92) (layer F.SilkS) (width 0.12))
    (fp_line (start -0.95 -1.05) (end -0.95 1.05) (layer F.CrtYd) (width 0.05))
    (fp_line (start -0.95 1.05) (end 6.03 1.05) (layer F.CrtYd) (width 0.05))
    (fp_line (start 6.03 1.05) (end 6.03 -1.05) (layer F.CrtYd) (width 0.05))
    (fp_line (start 6.03 -1.05) (end -0.95 -1.05) (layer F.CrtYd) (width 0.05))
    (pad 2 thru_hole oval (at 5.08 0) (size 1.4 1.4) (drill 0.7) (layers *.Cu *.Mask)
      (net 11 "Net-(J1-Pad3)"))
    (pad 1 thru_hole circle (at 0 0) (size 1.4 1.4) (drill 0.7) (layers *.Cu *.Mask)
      (net 22 "Net-(Q2-Pad2)"))
    (model ${KISYS3DMOD}/Resistor_THT.3dshapes/R_Axial_DIN0204_L3.6mm_D1.6mm_P5.08mm_Horizontal.wrl
      (at (xyz 0 0 0))
      (scale (xyz 1 1 1))
      (rotate (xyz 0 0 0))
    )
  )

  (module Resistor_THT:R_Axial_DIN0204_L3.6mm_D1.6mm_P5.08mm_Horizontal (layer F.Cu) (tedit 5AE5139B) (tstamp 64EF4795)
    (at 96 118.7)
    (descr "Resistor, Axial_DIN0204 series, Axial, Horizontal, pin pitch=5.08mm, 0.167W, length*diameter=3.6*1.6mm^2, http://cdn-reichelt.de/documents/datenblatt/B400/1_4W%23YAG.pdf")
    (tags "Resistor Axial_DIN0204 series Axial Horizontal pin pitch 5.08mm 0.167W length 3.6mm diameter 1.6mm")
    (path /64EF2F0E)
    (fp_text reference R3 (at 2.54 -1.92) (layer F.SilkS)
      (effects (font (size 1 1) (thickness 0.15)))
    )
    (fp_text value 1k (at 2.54 1.92) (layer F.Fab)
      (effects (font (size 1 1) (thickness 0.15)))
    )
    (fp_text user %R (at 2.5 0) (layer F.Fab)
      (effects (font (size 0.72 0.72) (thickness 0.108)))
    )
    (fp_line (start 0.74 -0.8) (end 0.74 0.8) (layer F.Fab) (width 0.1))
    (fp_line (start 0.74 0.8) (end 4.34 0.8) (layer F.Fab) (width 0.1))
    (fp_line (start 4.34 0.8) (end 4.34 -0.8) (layer F.Fab) (width 0.1))
    (fp_line (start 4.34 -0.8) (end 0.74 -0.8) (layer F.Fab) (width 0.1))
    (fp_line (start 0 0) (end 0.74 0) (layer F.Fab) (width 0.1))
    (fp_line (start 5.08 0) (end 4.34 0) (layer F.Fab) (width 0.1))
    (fp_line (start 0.62 -0.92) (end 4.46 -0.92) (layer F.SilkS) (width 0.12))
    (fp_line (start 0.62 0.92) (end 4.46 0.92) (layer F.SilkS) (width 0.12))
    (fp_line (start -0.95 -1.05) (end -0.95 1.05) (layer F.CrtYd) (width 0.05))
    (fp_line (start -0.95 1.05) (end 6.03 1.05) (layer F.CrtYd) (width 0.05))
    (fp_line (start 6.03 1.05) (end 6.03 -1.05) (layer F.CrtYd) (width 0.05))
    (fp_line (start 6.03 -1.05) (end -0.95 -1.05) (layer F.CrtYd) (width 0.05))
    (pad 2 thru_hole oval (at 5.08 0) (size 1.4 1.4) (drill 0.7) (layers *.Cu *.Mask)
      (net 5 "Net-(D3-Pad2)"))
    (pad 1 thru_hole circle (at 0 0) (size 1.4 1.4) (drill 0.7) (layers *.Cu *.Mask)
      (net 2 VCC))
    (model ${KISYS3DMOD}/Resistor_THT.3dshapes/R_Axial_DIN0204_L3.6mm_D1.6mm_P5.08mm_Horizontal.wrl
      (at (xyz 0 0 0))
      (scale (xyz 1 1 1))
      (rotate (xyz 0 0 0))
    )
  )

  (module Resistor_THT:R_Axial_DIN0204_L3.6mm_D1.6mm_P5.08mm_Horizontal (layer F.Cu) (tedit 5AE5139B) (tstamp 64EF4782)
    (at 175.7 119.4 180)
    (descr "Resistor, Axial_DIN0204 series, Axial, Horizontal, pin pitch=5.08mm, 0.167W, length*diameter=3.6*1.6mm^2, http://cdn-reichelt.de/documents/datenblatt/B400/1_4W%23YAG.pdf")
    (tags "Resistor Axial_DIN0204 series Axial Horizontal pin pitch 5.08mm 0.167W length 3.6mm diameter 1.6mm")
    (path /64EFF76B)
    (fp_text reference R2 (at 2.54 -1.92) (layer F.SilkS)
      (effects (font (size 1 1) (thickness 0.15)))
    )
    (fp_text value 1k (at 2.54 1.92) (layer F.Fab)
      (effects (font (size 1 1) (thickness 0.15)))
    )
    (fp_text user %R (at 2.54 0) (layer F.Fab)
      (effects (font (size 0.72 0.72) (thickness 0.108)))
    )
    (fp_line (start 0.74 -0.8) (end 0.74 0.8) (layer F.Fab) (width 0.1))
    (fp_line (start 0.74 0.8) (end 4.34 0.8) (layer F.Fab) (width 0.1))
    (fp_line (start 4.34 0.8) (end 4.34 -0.8) (layer F.Fab) (width 0.1))
    (fp_line (start 4.34 -0.8) (end 0.74 -0.8) (layer F.Fab) (width 0.1))
    (fp_line (start 0 0) (end 0.74 0) (layer F.Fab) (width 0.1))
    (fp_line (start 5.08 0) (end 4.34 0) (layer F.Fab) (width 0.1))
    (fp_line (start 0.62 -0.92) (end 4.46 -0.92) (layer F.SilkS) (width 0.12))
    (fp_line (start 0.62 0.92) (end 4.46 0.92) (layer F.SilkS) (width 0.12))
    (fp_line (start -0.95 -1.05) (end -0.95 1.05) (layer F.CrtYd) (width 0.05))
    (fp_line (start -0.95 1.05) (end 6.03 1.05) (layer F.CrtYd) (width 0.05))
    (fp_line (start 6.03 1.05) (end 6.03 -1.05) (layer F.CrtYd) (width 0.05))
    (fp_line (start 6.03 -1.05) (end -0.95 -1.05) (layer F.CrtYd) (width 0.05))
    (pad 2 thru_hole oval (at 5.08 0 180) (size 1.4 1.4) (drill 0.7) (layers *.Cu *.Mask)
      (net 9 "Net-(J1-Pad5)"))
    (pad 1 thru_hole circle (at 0 0 180) (size 1.4 1.4) (drill 0.7) (layers *.Cu *.Mask)
      (net 21 "Net-(Q1-Pad2)"))
    (model ${KISYS3DMOD}/Resistor_THT.3dshapes/R_Axial_DIN0204_L3.6mm_D1.6mm_P5.08mm_Horizontal.wrl
      (at (xyz 0 0 0))
      (scale (xyz 1 1 1))
      (rotate (xyz 0 0 0))
    )
  )

  (module Resistor_THT:R_Axial_DIN0204_L3.6mm_D1.6mm_P5.08mm_Horizontal (layer F.Cu) (tedit 5AE5139B) (tstamp 64EF476F)
    (at 165.9 119 180)
    (descr "Resistor, Axial_DIN0204 series, Axial, Horizontal, pin pitch=5.08mm, 0.167W, length*diameter=3.6*1.6mm^2, http://cdn-reichelt.de/documents/datenblatt/B400/1_4W%23YAG.pdf")
    (tags "Resistor Axial_DIN0204 series Axial Horizontal pin pitch 5.08mm 0.167W length 3.6mm diameter 1.6mm")
    (path /64EF367B)
    (fp_text reference R1 (at 2.54 -1.92) (layer F.SilkS)
      (effects (font (size 1 1) (thickness 0.15)))
    )
    (fp_text value 1k (at 2.54 1.92) (layer F.Fab)
      (effects (font (size 1 1) (thickness 0.15)))
    )
    (fp_text user %R (at 2.54 0) (layer F.Fab)
      (effects (font (size 0.72 0.72) (thickness 0.108)))
    )
    (fp_line (start 0.74 -0.8) (end 0.74 0.8) (layer F.Fab) (width 0.1))
    (fp_line (start 0.74 0.8) (end 4.34 0.8) (layer F.Fab) (width 0.1))
    (fp_line (start 4.34 0.8) (end 4.34 -0.8) (layer F.Fab) (width 0.1))
    (fp_line (start 4.34 -0.8) (end 0.74 -0.8) (layer F.Fab) (width 0.1))
    (fp_line (start 0 0) (end 0.74 0) (layer F.Fab) (width 0.1))
    (fp_line (start 5.08 0) (end 4.34 0) (layer F.Fab) (width 0.1))
    (fp_line (start 0.62 -0.92) (end 4.46 -0.92) (layer F.SilkS) (width 0.12))
    (fp_line (start 0.62 0.92) (end 4.46 0.92) (layer F.SilkS) (width 0.12))
    (fp_line (start -0.95 -1.05) (end -0.95 1.05) (layer F.CrtYd) (width 0.05))
    (fp_line (start -0.95 1.05) (end 6.03 1.05) (layer F.CrtYd) (width 0.05))
    (fp_line (start 6.03 1.05) (end 6.03 -1.05) (layer F.CrtYd) (width 0.05))
    (fp_line (start 6.03 -1.05) (end -0.95 -1.05) (layer F.CrtYd) (width 0.05))
    (pad 2 thru_hole oval (at 5.08 0 180) (size 1.4 1.4) (drill 0.7) (layers *.Cu *.Mask)
      (net 3 "Net-(D1-Pad2)"))
    (pad 1 thru_hole circle (at 0 0 180) (size 1.4 1.4) (drill 0.7) (layers *.Cu *.Mask)
      (net 2 VCC))
    (model ${KISYS3DMOD}/Resistor_THT.3dshapes/R_Axial_DIN0204_L3.6mm_D1.6mm_P5.08mm_Horizontal.wrl
      (at (xyz 0 0 0))
      (scale (xyz 1 1 1))
      (rotate (xyz 0 0 0))
    )
  )

  (module Package_TO_SOT_THT:TO-92_Inline (layer F.Cu) (tedit 5A1DD157) (tstamp 64EF475C)
    (at 146.9 116 90)
    (descr "TO-92 leads in-line, narrow, oval pads, drill 0.75mm (see NXP sot054_po.pdf)")
    (tags "to-92 sc-43 sc-43a sot54 PA33 transistor")
    (path /64EFD9E8)
    (fp_text reference Q3 (at 1.27 -3.56 90) (layer F.SilkS)
      (effects (font (size 1 1) (thickness 0.15)))
    )
    (fp_text value BC547 (at 1.27 2.79 90) (layer F.Fab)
      (effects (font (size 1 1) (thickness 0.15)))
    )
    (fp_arc (start 1.27 0) (end 1.27 -2.6) (angle 135) (layer F.SilkS) (width 0.12))
    (fp_arc (start 1.27 0) (end 1.27 -2.48) (angle -135) (layer F.Fab) (width 0.1))
    (fp_arc (start 1.27 0) (end 1.27 -2.6) (angle -135) (layer F.SilkS) (width 0.12))
    (fp_arc (start 1.27 0) (end 1.27 -2.48) (angle 135) (layer F.Fab) (width 0.1))
    (fp_text user %R (at 1.27 0 90) (layer F.Fab)
      (effects (font (size 1 1) (thickness 0.15)))
    )
    (fp_line (start -0.53 1.85) (end 3.07 1.85) (layer F.SilkS) (width 0.12))
    (fp_line (start -0.5 1.75) (end 3 1.75) (layer F.Fab) (width 0.1))
    (fp_line (start -1.46 -2.73) (end 4 -2.73) (layer F.CrtYd) (width 0.05))
    (fp_line (start -1.46 -2.73) (end -1.46 2.01) (layer F.CrtYd) (width 0.05))
    (fp_line (start 4 2.01) (end 4 -2.73) (layer F.CrtYd) (width 0.05))
    (fp_line (start 4 2.01) (end -1.46 2.01) (layer F.CrtYd) (width 0.05))
    (pad 1 thru_hole rect (at 0 0 90) (size 1.05 1.5) (drill 0.75) (layers *.Cu *.Mask)
      (net 19 "Net-(J4-Pad2)"))
    (pad 3 thru_hole oval (at 2.54 0 90) (size 1.05 1.5) (drill 0.75) (layers *.Cu *.Mask)
      (net 1 GND))
    (pad 2 thru_hole oval (at 1.27 0 90) (size 1.05 1.5) (drill 0.75) (layers *.Cu *.Mask)
      (net 23 "Net-(Q3-Pad2)"))
    (model ${KISYS3DMOD}/Package_TO_SOT_THT.3dshapes/TO-92_Inline.wrl
      (at (xyz 0 0 0))
      (scale (xyz 1 1 1))
      (rotate (xyz 0 0 0))
    )
  )

  (module Package_TO_SOT_THT:TO-92_Inline (layer F.Cu) (tedit 5A1DD157) (tstamp 64EF4738)
    (at 177.1 116.3 90)
    (descr "TO-92 leads in-line, narrow, oval pads, drill 0.75mm (see NXP sot054_po.pdf)")
    (tags "to-92 sc-43 sc-43a sot54 PA33 transistor")
    (path /64EFE87F)
    (fp_text reference Q1 (at 1.27 -3.56 90) (layer F.SilkS)
      (effects (font (size 1 1) (thickness 0.15)))
    )
    (fp_text value BC547 (at 1.27 2.79 90) (layer F.Fab)
      (effects (font (size 1 1) (thickness 0.15)))
    )
    (fp_arc (start 1.27 0) (end 1.27 -2.6) (angle 135) (layer F.SilkS) (width 0.12))
    (fp_arc (start 1.27 0) (end 1.27 -2.48) (angle -135) (layer F.Fab) (width 0.1))
    (fp_arc (start 1.27 0) (end 1.27 -2.6) (angle -135) (layer F.SilkS) (width 0.12))
    (fp_arc (start 1.27 0) (end 1.27 -2.48) (angle 135) (layer F.Fab) (width 0.1))
    (fp_text user %R (at 1.27 0 90) (layer F.Fab)
      (effects (font (size 1 1) (thickness 0.15)))
    )
    (fp_line (start -0.53 1.85) (end 3.07 1.85) (layer F.SilkS) (width 0.12))
    (fp_line (start -0.5 1.75) (end 3 1.75) (layer F.Fab) (width 0.1))
    (fp_line (start -1.46 -2.73) (end 4 -2.73) (layer F.CrtYd) (width 0.05))
    (fp_line (start -1.46 -2.73) (end -1.46 2.01) (layer F.CrtYd) (width 0.05))
    (fp_line (start 4 2.01) (end 4 -2.73) (layer F.CrtYd) (width 0.05))
    (fp_line (start 4 2.01) (end -1.46 2.01) (layer F.CrtYd) (width 0.05))
    (pad 1 thru_hole rect (at 0 0 90) (size 1.05 1.5) (drill 0.75) (layers *.Cu *.Mask)
      (net 13 "Net-(J2-Pad2)"))
    (pad 3 thru_hole oval (at 2.54 0 90) (size 1.05 1.5) (drill 0.75) (layers *.Cu *.Mask)
      (net 1 GND))
    (pad 2 thru_hole oval (at 1.27 0 90) (size 1.05 1.5) (drill 0.75) (layers *.Cu *.Mask)
      (net 21 "Net-(Q1-Pad2)"))
    (model ${KISYS3DMOD}/Package_TO_SOT_THT.3dshapes/TO-92_Inline.wrl
      (at (xyz 0 0 0))
      (scale (xyz 1 1 1))
      (rotate (xyz 0 0 0))
    )
  )

  (module Relay_THT:Relay_SPDT_Finder_36.11 (layer F.Cu) (tedit 5D3F5A07) (tstamp 64EF4726)
    (at 148.4 108.8 90)
    (descr "FINDER 36.11, SPDT relay, 10A, https://gfinder.findernet.com/public/attachments/36/EN/S36EN.pdf")
    (tags "spdt relay")
    (path /64EEF7BE)
    (fp_text reference K3 (at 8.1 9.2 90) (layer F.SilkS)
      (effects (font (size 1 1) (thickness 0.15)))
    )
    (fp_text value FINDER-40.41 (at 8 -9.6 90) (layer F.Fab)
      (effects (font (size 1 1) (thickness 0.15)))
    )
    (fp_text user %R (at 7.1 0.025 90) (layer F.Fab)
      (effects (font (size 1 1) (thickness 0.15)))
    )
    (fp_line (start -1.5 1.2) (end -1.5 7.7) (layer F.SilkS) (width 0.12))
    (fp_line (start -1.5 -7.7) (end -1.5 -1.2) (layer F.SilkS) (width 0.12))
    (fp_line (start -1.5 -7.7) (end 17.7 -7.7) (layer F.SilkS) (width 0.12))
    (fp_line (start 17.7 -7.7) (end 17.7 7.7) (layer F.SilkS) (width 0.12))
    (fp_line (start 17.7 7.7) (end -1.5 7.7) (layer F.SilkS) (width 0.12))
    (fp_line (start -1.4 -7.6) (end 17.6 -7.6) (layer F.Fab) (width 0.1))
    (fp_line (start 17.6 -7.6) (end 17.6 7.6) (layer F.Fab) (width 0.1))
    (fp_line (start 17.6 7.6) (end -1.4 7.6) (layer F.Fab) (width 0.1))
    (fp_line (start -1.4 7.6) (end -1.4 -7.6) (layer F.Fab) (width 0.1))
    (fp_line (start 17.85 -7.85) (end -1.75 -7.85) (layer F.CrtYd) (width 0.05))
    (fp_line (start -1.75 7.85) (end -1.75 -7.85) (layer F.CrtYd) (width 0.05))
    (fp_line (start 17.85 -7.85) (end 17.85 7.85) (layer F.CrtYd) (width 0.05))
    (fp_line (start -1.75 7.85) (end 17.85 7.85) (layer F.CrtYd) (width 0.05))
    (fp_line (start 14.2 4.3) (end 14.2 2) (layer F.SilkS) (width 0.12))
    (fp_line (start 14.2 -4.3) (end 14.2 -2) (layer F.SilkS) (width 0.12))
    (fp_line (start 3.7 6) (end 6 6) (layer F.SilkS) (width 0.12))
    (fp_line (start 2.6 0) (end 1.7 0) (layer F.SilkS) (width 0.12))
    (fp_line (start 6 -6) (end 3.7 -6) (layer F.SilkS) (width 0.12))
    (fp_line (start 9.5 0) (end 11 0) (layer F.SilkS) (width 0.12))
    (fp_line (start 11 0) (end 15.5 -2.7) (layer F.SilkS) (width 0.12))
    (fp_line (start 9.5 3.7) (end 2.6 3.7) (layer F.SilkS) (width 0.12))
    (fp_line (start 9.5 0) (end 9.5 3.7) (layer F.SilkS) (width 0.12))
